Train Loss: [0.68644839 0.68625148 0.68620783 0.68628579 0.68631288 0.68626705
 0.68636891 0.68623511 0.68633161 0.68624986 0.6862974  0.68629998
 0.68624092 0.68628058 0.68627479 0.68629652 0.68626325 0.68630047
 0.68635725 0.68627701] 
 Train Accuracy: [0.55911525 0.5591632  0.55911525 0.55911525 0.55913923 0.55919917
 0.55911525 0.55911525 0.55915121 0.5591632  0.55904332 0.5591632
 0.5591632  0.55913923 0.55918718 0.55917519 0.55917519 0.55907928
 0.55912724 0.55919917] 
 Validation Loss: [0.69966769 0.69671749 0.69707569 0.6978182  0.69705125 0.6974146
 0.69835401 0.69680446 0.69970927 0.69675666 0.69732457 0.69734353
 0.69754133 0.70314431 0.69623094 0.69744296 0.69856557 0.69732035
 0.69768801 0.69703693] 
 Validation Accuracy: [0.51171875 0.51171875 0.51171875 0.51171875 0.51171875 0.51171875
 0.51171875 0.51171875 0.51171875 0.51171875 0.51171875 0.51171875
 0.51171875 0.51171875 0.51171875 0.51171875 0.51171875 0.51171875
 0.51171875 0.51171875]